970 87 743 984 420 18 594 268 846 838 543 165 265 2 492 160 436 180 293 176 845 363 834 150 415 872 253 502 30 86 117 174 354 789 866 858 880 393 568 869 998 917 463 823 848 356 520 837 32 903
80 50 496 148 742 70 379 936 358 542 16 951 7 26 405 290 637 513 143 184 285 678 653 313 794 52 661 459 277 626 242 445 928 102 255 676 23 925 615 444 552 261 590 282 938 133 300 558 429 910
13 29 244 820 162 912 536 893 253 756 374 115 570 335 126 929 146 559 487 518 996 902 49 470 619 771 608 896 656 386 636 347 52 410 582 685 842 702 358 309 736 282 483 96 429 344 967 690 409 49
717 744 939 143 620 504 598 258 160 735 171 816 330 178 244 134 43 748 192 171 171 417 44 786 247 415 501 803 226 349 495 674 151 708 64 492 775 758 856 606 64 432 670 728 945 573 593 931 949 96
639 692 632 293 759 307 994 477 377 117 867 709 209 961 596 152 3 334 393 373 336 258 607 391 770 369 592 986 896 565 719 325 604 469 916 33 554 456 780 906 974 383 530 875 655 84 640 176 785 918
121 603 851 240 622 535 371 670 602 861 922 579 921 646 938 96 449 287 388 737 992 144 145 496 487 358 310 291 840 248 433 294 334 229 380 829 780 27 912 898 663 185 848 110 640 529 728 601 139 348
468 406 786 970 575 140 957 751 853 285 422 885 82 123 363 825 928 873 845 814 276 57 399 689 723 922 851 575 507 536 298 495 238 384 391 180 446 446 873 858 513 795 398 222 127 406 89 985 920 713
798 79 39 647 37 613 487 484 283 798 934 43 494 326 282 143 862 85 398 996 81 435 986 83 221 131 762 666 957 942 265 621 870 66 755 486 941 162 338 998 486 877 459 532 0 882 377 638 618 313
991 401 471 816 399 131 682 150 472 623 781 753 351 278 97 802 609 165 792 367 985 94 314 389 317 975 724 109 70 416 632 847 494 65 529 532 56 482 790 990 190 641 167 113 499 444 906 733 397 280
72 945 491 29 248 638 541 837 504 136 619 268 478 251 307 991 971 394 495 299 368 683 307 94 851 415 673 193 882 314 35 421 578 189 446 852 513 92 301 102 544 8 870 411 25 432 806 930 369 141
797 132 525 360 526 699 99 834 138 883 38 640 852 256 764 564 235 913 889 185 756 106 737 640 950 546 324 607 803 616 71 516 873 340 608 533 877 827 449 158 285 230 77 18 466 225 327 818 598 833
749 573 153 216 154 506 772 209 993 490 503 968 858 847 840 226 257 218 365 340 128 2 508 971 606 563 67 201 739 428 242 512 771 96 244 354 967 145 902 617 366 397 700 927 737 193 145 302 636 165
140 824 95 152 305 150 182 476 313 645 296 184 657 129 336 772 354 774 401 537 708 881 291 54 117 109 998 1 390 859 98 847 383 300 468 482 927 828 879 252 211 482 249 634 254 261 997 493 217 461
448 525 89 291 841 279 33 36 241 85 321 109 915 672 918 349 953 814 161 638 208 903 503 306 143 451 341 349 151 856 777 944 44 332 660 219 728 86 6 572 465 278 128 10 396 259 732 654 156 401
423 838 666 659 24 447 185 394 251 421 446 172 100 195 777 324 221 838 224 916 308 178 298 90 261 400 788 884 618 126 536 326 530 484 435 650 90 708 260 412 595 34 231 398 180 227 20 860 948 41
310 526 85 88 64 337 835 804 785 667 369 798 165 925 854 509 779 948 475 489 472 840 928 956 854 865 500 60 831 666 141 679 766 76 675 119 185 438 594 178 219 652 457 346 319 303 558 606 793 288
554 278 946 303 626 903 519 883 204 503 102 108 16 53 860 545 380 228 905 306 942 962 973 331 277 714 464 11 753 590 547 55 557 653 524 24 558 766 114 933 157 778 426 881 756 829 121 74 49 483
506 742 683 711 336 547 491 477 540 69 762 419 972 831 1 709 875 989 216 907 967 728 683 473 9 905 936 378 343 909 783 503 654 391 758 714 622 213 346 474 325 309 733 24 59 223 242 891 737 769
456 839 743 651 82 376 716 42 665 501 993 491 281 876 67 494 439 355 483 437 587 112 829 750 365 578 263 231 180 103 222 574 60 388 422 920 877 476 70 630 366 313 455 385 246 619 279 828 400 815
437 932 301 662 523 986 101 596 880 453 412 846 238 316 328 249 37 135 101 486 594 369 752 262 487 734 24 501 134 14 280 788 513 879 176 130 622 593 940 588 343 458 26 708 777 979 85 914 641 945
371 927 495 167 525 272 473 707 740 802 352 673 921 887 247 262 311 151 581 436 514 438 801 488 972 57 796 763 562 873 288 688 610 685 865 116 47 573 617 846 816 875 364 907 134 311 259 793 147 795
78 399 25 810 233 808 583 80 618 5 983 689 571 544 670 865 134 245 696 974 710 483 507 90 500 447 92 518 555 451 337 435 926 116 115 967 816 929 602 818 889 552 325 114 828 968 553 894 692 481
301 72 442 48 78 55 180 162 159 87 148 116 634 743 31 242 951 795 648 260 633 637 815 840 503 934 216 746 50 316 552 993 678 558 665 941 342 569 183 350 120 360 588 838 959 918 134 727 213 155
35 624 998 227 440 616 362 756 535 133 869 663 14 250 746 375 258 298 814 954 999 438 285 973 195 646 243 884 188 124 437 112 193 249 358 158 392 578 657 400 458 636 205 129 695 743 898 594 787 907
321 307 867 110 430 285 73 26 429 584 125 663 200 667 29 893 65 687 241 616 466 443 252 565 76 999 822 27 432 57 843 486 652 880 898 659 150 479 460 286 824 301 702 200 834 805 436 741 154 565
366 328 125 685 163 69 918 426 499 93 288 942 941 384 733 284 13 514 243 495 772 406 354 902 616 510 504 660 56 441 53 335 321 351 49 244 974 982 771 627 434 443 53 138 53 228 564 767 575 186
976 337 434 370 572 273 555 733 345 572 557 692 475 861 434 444 734 361 441 404 51 239 267 887 682 338 759 695 71 834 27 48 139 393 9 701 122 952 801 717 87 61 418 837 819 212 712 582 636 107
789 220 788 161 651 661 788 808 656 165 670 924 605 396 604 797 34 156 42 947 384 99 294 733 221 962 107 472 708 617 180 578 367 245 1 747 394 460 559 563 186 627 118 191 616 294 439 869 322 222
172 295 714 160 11 160 888 823 224 485 303 317 18 526 218 831 844 886 909 293 94 716 454 621 23 404 813 852 852 256 521 572 446 931 309 935 759 523 533 805 275 973 572 468 69 586 975 864 876 40
996 764 681 728 304 576 358 477 87 426 313 714 193 504 811 59 691 914 198 41 903 3 624 410 590 358 373 97 917 888 371 129 143 340 244 156 853 71 117 163 687 208 403 406 863 172 735 11 428 389
316 845 699 733 652 822 881 749 142 430 921 245 824 874 901 649 925 924 200 536 672 414 563 588 917 899 826 390 301 450 660 527 34 287 219 424 163 76 133 956 140 324 34 411 206 618 296 630 26 220
302 733 630 135 801 53 956 388 137 871 862 853 529 865 30 42 641 923 698 751 545 357 436 137 494 19 152 741 270 461 102 333 315 915 673 360 943 886 955 160 584 989 418 930 482 493 804 228 476 142
261 387 239 504 988 230 404 152 5 926 61 920 732 722 959 764 5 736 375 625 58 389 200 632 787 394 5 704 920 414 980 956 49 642 818 382 620 320 66 564 313 690 97 593 399 994 754 80 610 282
191 963 302 223 758 432 573 518 493 577 797 178 555 915 837 853 249 176 143 579 903 743 868 601 910 442 130 826 504 716 650 136 468 975 824 330 711 485 871 677 793 776 194 60 250 401 686 864 808 554
818 847 837 296 520 295 318 845 743 949 791 623 960 44 460 683 558 767 604 483 270 56 801 346 189 821 51 561 788 371 854 523 946 322 23 656 147 315 392 800 126 315 324 683 801 479 122 280 99 941
183 240 452 229 318 837 327 813 527 861 240 332 786 189 715 42 23 893 260 567 742 979 420 506 847 91 120 267 296 472 238 773 599 137 348 458 72 322 147 15 599 86 566 902 147 127 149 89 570 340
851 615 680 231 464 127 303 677 416 690 256 123 160 160 89 105 634 214 569 86 728 765 672 554 828 578 228 273 498 424 830 826 410 433 94 779 713 574 874 844 43 889 101 588 670 766 216 613 339 152
698 169 552 755 915 278 46 77 937 355 676 150 420 252 305 753 286 108 465 40 273 721 439 277 103 401 741 480 574 254 521 103 320 346 507 261 637 399 244 647 43 56 59 422 406 143 754 922 300 744
63 835 927 865 599 913 403 605 931 180 516 279 565 558 644 887 276 746 468 913 659 804 69 280 599 821 999 761 513 633 371 303 114 94 315 389 530 859 686 684 871 646 471 866 554 870 124 993 153 80
279 903 49 425 751 93 162 830 184 914 228 695 934 606 694 177 687 828 841 405 235 357 751 249 822 89 619 0 949 154 641 437 815 840 149 422 615 505 767 454 184 626 954 814 412 161 37 49 11 753
223 641 249 778 883 464 991 31 911 845 786 786 541 931 927 367 788 255 707 132 814 798 925 684 797 613 328 764 27 932 883 819 548 629 337 66 193 922 426 158 562 545 771 815 406 962 79 369 358 99
504 313 835 299 75 748 557 239 944 747 298 221 422 603 785 96 73 899 875 962 135 120 618 971 280 220 833 489 153 354 89 666 177 667 33 734 294 350 194 789 466 444 463 360 295 128 297 407 551 871
897 379 466 993 455 944 154 235 18 704 802 955 146 167 654 257 807 362 892 851 705 16 115 778 927 863 424 232 496 767 60 464 731 621 396 415 354 434 78 108 231 281 126 888 410 635 656 61 623 487
830 554 558 673 54 247 776 731 230 820 199 938 22 856 417 471 420 737 439 767 244 210 576 971 339 527 185 862 973 158 886 498 897 298 991 346 901 112 183 313 894 689 594 575 936 968 173 546 56 80
569 82 62 296 353 583 547 213 535 501 372 540 641 115 623 567 394 898 948 669 259 591 127 908 759 289 567 281 426 348 802 872 81 12 902 938 551 166 299 361 504 252 122 428 955 724 330 684 303 357
495 527 127 227 298 955 26 616 275 327 843 17 111 29 352 852 78 287 90 641 709 8 222 704 870 167 458 908 184 765 669 741 746 305 18 834 478 245 176 351 21 932 529 374 900 96 772 584 211 783
292 754 34 160 236 752 690 595 436 385 635 553 931 412 62 16 796 482 74 441 992 119 283 591 45 618 847 541 835 578 941 723 595 413 665 26 633 467 154 479 831 67 469 944 942 787 287 769 235 837
522 178 235 591 428 159 387 26 661 683 77 103 980 904 589 83 739 957 364 333 640 879 606 517 458 384 107 36 485 789 149 133 236 939 925 495 15 746 228 958 536 619 835 861 372 180 222 192 248 204
745 375 105 605 42 654 207 853 53 942 839 54 320 226 129 504 605 368 451 311 233 101 35 144 626 631 693 167 240 709 28 467 913 607 172 25 165 660 440 40 424 414 451 195 897 456 804 10 78 556
154 561 688 819 266 875 445 491 69 487 86 740 640 494 329 811 455 431 680 463 63 612 270 943 593 855 121 979 838 964 137 214 663 529 960 198 247 535 463 272 308 792 158 41 139 145 53 774 768 827
