253 408 507 240 666 988 527 664 963 590 805 364 552 466 51 902 990 98 126 805 600 407 804 21 737 208 16 60 331 174 125 649 371 707 832 64 954 695 545 313 257 968 100 94 650 97 241 246 616 865
175 194 490 225 828 290 716 656 85 899 553 352 937 255 407 358 496 508 656 573 66 25 289 547 987 461 909 792 567 1 775 364 695 781 605 207 882 197 194 15 280 766 813 887 343 164 475 491 432 26
85 718 611 981 561 486 514 677 173 843 672 655 399 257 522 775 547 218 763 335 124 669 243 226 611 889 384 962 256 151 727 615 547 381 808 642 556 920 949 149 225 139 222 566 283 440 171 993 593 314
176 691 980 576 385 70 894 681 526 407 539 107 747 327 370 472 95 980 451 676 828 375 131 797 226 945 716 136 10 115 678 871 169 311 366 49 429 179 942 272 550 178 281 736 728 47 857 66 936 534
699 154 484 709 141 546 558 56 221 147 823 188 557 551 281 929 510 306 272 795 659 294 642 742 164 890 177 543 237 777 365 763 574 159 538 997 88 583 462 616 819 126 932 445 495 255 160 974 491 470
427 707 598 26 518 603 259 603 860 459 631 611 920 321 746 263 898 718 722 977 21 535 478 969 840 301 901 546 5 306 377 663 959 739 214 230 629 702 26 693 23 938 707 230 869 605 878 582 485 99
982 929 970 654 620 195 516 890 16 367 332 324 478 932 889 543 204 866 607 387 753 609 386 473 665 817 11 784 674 228 740 619 341 843 199 680 351 947 381 252 37 602 859 982 753 407 713 285 710 824
224 277 841 94 248 973 508 517 726 468 201 378 987 986 82 704 702 668 436 667 846 145 127 346 245 338 565 174 399 139 267 59 639 438 807 664 675 125 305 759 891 886 973 499 857 29 531 138 216 720
353 541 658 750 902 589 674 546 517 401 748 765 837 199 819 599 365 890 487 351 842 804 274 519 816 450 566 899 899 246 267 797 666 546 864 286 747 474 547 620 976 352 690 175 231 870 702 933 669 770
587 872 450 150 489 989 48 211 303 730 666 178 711 815 851 978 127 757 189 551 7 806 210 676 939 506 485 173 406 719 585 199 430 568 234 627 549 634 570 970 500 603 701 537 973 460 989 210 580 469
20 757 381 64 190 524 927 100 759 409 419 964 678 338 854 847 98 70 542 507 559 67 6 440 110 834 26 562 935 299 757 613 953 664 110 64 753 641 782 129 153 141 275 892 151 710 466 825 550 95
308 126 689 784 611 677 66 50 616 636 204 824 181 475 142 208 775 475 439 907 809 630 859 450 46 459 729 510 17 798 964 464 669 295 50 171 879 357 707 769 825 447 879 92 850 142 654 951 289 440
693 993 53 453 509 351 707 328 829 916 390 254 867 597 488 668 811 647 420 721 511 315 497 936 661 485 137 180 954 658 878 148 253 943 395 585 192 278 304 668 25 161 449 772 907 993 698 284 542 818
211 43 96 709 842 159 352 185 365 907 610 458 250 678 53 173 322 243 256 337 684 490 143 89 645 41 33 699 812 432 525 411 221 630 454 993 250 974 552 466 746 677 465 728 624 585 28 370 29 248
257 630 486 819 96 757 558 915 234 232 271 465 373 955 131 31 124 791 181 606 571 341 496 139 636 592 734 182 888 790 347 318 798 31 254 110 372 207 116 263 442 695 243 823 937 346 944 261 690 425
618 839 257 617 421 767 426 534 641 707 380 221 244 86 548 258 437 161 793 507 179 185 167 972 401 906 34 46 756 828 749 143 684 560 46 139 999 593 386 611 915 766 85 689 411 632 274 9 348 93
651 816 792 44 197 802 462 374 620 87 185 166 182 76 488 197 538 175 165 950 531 114 641 842 888 23 729 694 583 17 582 878 28 850 913 759 736 266 936 231 237 782 826 512 107 317 300 552 126 973
522 29 893 192 974 190 588 352 622 342 372 99 388 326 655 807 726 435 620 331 291 10 701 723 966 654 45 891 112 834 874 342 650 858 202 486 420 351 919 3 124 74 888 67 106 912 987 437 999 752
775 162 302 648 431 158 308 789 813 637 737 190 859 813 819 58 485 69 984 117 495 389 182 136 694 698 321 679 619 387 469 797 249 330 254 882 741 946 496 4 302 195 77 148 894 702 65 310 867 213
628 341 37 937 334 108 470 657 767 807 364 758 118 848 407 966 443 749 398 702 411 273 616 821 370 72 867 416 526 746 2 404 964 215 60 166 776 278 955 475 530 87 961 726 256 646 108 375 572 313
617 690 523 944 832 718 889 990 527 284 962 686 115 743 981 902 60 766 270 396 522 32 221 119 127 702 170 805 383 417 227 282 834 328 906 757 605 305 291 634 199 233 953 947 682 679 346 475 987 233
104 519 49 754 391 691 755 636 368 481 673 785 685 430 248 449 203 815 569 793 282 500 436 363 161 844 977 529 174 958 79 435 979 715 846 198 417 924 589 854 145 644 117 841 726 728 137 735 499 820
407 949 923 868 269 526 28 734 932 198 401 751 431 452 689 815 927 56 710 389 109 352 852 369 477 75 864 995 431 681 539 830 715 544 759 565 911 643 956 207 276 964 786 696 900 437 663 518 491 833
426 709 49 836 488 657 225 700 320 609 367 711 657 608 15 245 828 723 621 990 516 254 991 276 766 577 934 810 548 178 244 732 768 352 387 357 667 341 596 722 948 369 582 237 615 915 421 764 456 427
638 303 182 838 431 745 687 673 844 8 920 873 486 176 816 263 727 256 552 372 88 286 672 284 465 626 899 971 361 245 547 104 570 836 24 516 69 836 512 219 265 487 161 39 992 811 120 675 113 433
467 309 864 641 841 860 304 964 355 929 724 577 542 818 700 92 859 690 657 853 186 93 754 21 628 456 655 619 659 855 964 849 271 100 602 745 697 697 329 533 324 831 920 34 630 132 193 373 962 164
349 487 989 543 446 224 667 531 531 635 332 337 798 36 490 611 375 62 773 195 424 189 918 37 84 912 231 618 888 610 368 63 62 505 583 998 458 240 504 935 885 481 792 404 68 649 843 44 86 953
477 441 877 978 266 722 553 847 815 523 44 472 162 930 512 423 492 279 834 272 296 871 601 624 421 297 103 192 331 896 906 883 979 166 93 792 518 573 308 943 543 239 342 235 930 488 516 386 229 308
198 685 642 143 218 539 108 611 578 894 818 763 974 542 133 182 255 360 8 653 463 960 556 682 218 885 542 822 4 476 220 502 844 228 202 69 829 873 302 584 229 90 812 782 88 321 163 533 634 520
848 723 21 761 395 534 965 216 578 515 810 841 586 923 746 564 888 561 817 607 645 851 424 888 841 906 191 93 238 230 269 136 527 345 150 837 792 279 995 598 481 110 596 586 830 364 101 733 465 638
745 27 323 472 852 612 466 100 676 182 871 148 165 35 914 562 158 532 573 186 58 863 76 441 164 838 553 697 610 140 251 616 901 505 393 585 840 558 311 518 35 103 935 390 245 345 602 481 159 338
69 69 449 920 792 363 446 731 135 25 459 597 77 812 269 291 376 426 78 178 327 109 579 828 693 608 518 554 282 170 982 820 335 706 73 268 787 203 318 219 40 277 912 517 538 839 626 264 221 712
236 782 842 49 374 79 830 303 877 593 871 319 82 367 51 24 118 590 365 837 459 51 223 816 927 137 292 740 616 729 813 439 973 736 139 982 723 437 702 372 861 577 287 261 529 493 830 407 43 478
184 306 519 458 489 671 68 937 939 700 774 642 449 210 925 773 90 425 332 823 111 898 425 1 994 550 119 113 908 417 760 843 575 50 288 208 241 325 283 16 840 964 277 341 49 258 24 544 844 491
723 72 698 273 175 548 662 618 532 324 502 481 607 239 130 907 4 614 861 402 531 452 42 110 471 345 441 316 329 939 646 768 517 580 462 749 624 176 97 271 995 724 644 543 948 442 927 436 595 655
320 293 43 148 708 13 323 636 959 789 852 634 861 784 938 321 129 990 134 809 907 110 942 800 614 32 968 788 194 402 63 76 332 305 838 554 976 954 271 174 50 538 572 260 341 71 561 663 442 156
936 101 13 653 535 21 652 967 766 309 227 219 939 622 805 554 238 714 256 787 680 930 683 728 875 280 220 391 528 920 600 411 748 134 297 892 379 883 919 92 283 285 447 388 369 638 566 367 349 659
37 935 941 700 943 242 683 975 434 700 947 933 395 274 433 908 411 963 489 150 776 517 219 231 140 401 296 279 399 716 470 785 446 889 212 560 712 299 474 484 535 597 208 812 96 418 330 382 41 742
292 247 127 141 352 49 577 313 258 210 788 167 695 554 993 985 481 791 652 524 752 182 358 671 625 752 807 661 264 74 96 942 293 453 985 897 95 675 187 472 549 510 376 365 150 696 645 484 620 943
8 460 122 283 971 571 321 873 238 609 979 372 923 179 497 222 28 63 407 660 506 945 733 30 714 828 21 225 324 377 600 772 764 219 792 399 2 268 837 146 523 950 891 763 19 998 939 276 479 210
582 444 433 53 951 959 326 336 941 625 837 554 244 231 320 863 352 484 569 886 974 730 526 293 937 278 302 495 242 791 819 440 783 353 750 743 330 520 37 566 707 194 698 762 103 369 494 112 263 366
658 884 326 511 529 678 0 818 872 444 380 270 389 875 209 994 943 908 263 364 45 74 889 581 557 485 301 950 980 698 332 600 196 315 625 281 306 599 31 573 339 570 449 606 497 252 57 695 267 512
164 431 403 714 877 159 485 382 34 607 921 957 63 149 611 86 765 40 310 977 901 771 446 997 980 639 981 280 930 324 462 514 407 88 313 76 655 898 221 123 755 992 420 640 86 596 141 538 400 572
268 508 190 532 467 934 616 8 695 801 316 996 673 223 58 351 194 21 862 18 685 937 739 777 401 702 250 252 52 467 131 357 442 608 99 884 362 87 512 878 437 465 645 533 620 54 719 311 396 135
246 590 656 881 513 210 551 690 715 833 457 345 672 392 206 544 903 422 163 772 844 300 917 625 156 507 876 898 205 175 824 286 512 20 155 379 354 675 97 998 552 563 711 647 339 995 772 6 496 698
828 703 398 915 383 621 448 517 141 645 558 662 456 403 445 897 957 220 857 244 439 685 975 541 378 310 70 851 559 876 162 789 615 617 202 872 12 200 661 246 657 232 690 682 394 590 270 190 388 224
568 794 377 589 993 909 151 822 590 606 130 791 763 789 927 80 499 275 782 710 118 717 412 507 375 416 875 570 945 86 68 147 872 9 249 25 612 582 921 738 222 553 426 184 541 498 899 738 914 857
677 795 284 230 762 393 518 706 410 789 258 701 270 491 681 372 388 769 430 467 771 313 590 174 67 589 548 357 8 810 61 190 369 679 355 19 164 938 787 18 432 728 999 204 938 721 590 205 310 818
257 940 729 993 50 652 682 99 844 122 799 942 446 134 622 159 325 648 661 369 405 512 215 964 828 789 711 186 7 307 852 554 331 69 6 381 167 826 496 133 652 491 841 459 787 555 452 162 694 189
40 144 511 434 29 396 977 919 615 182 215 200 117 200 581 323 121 385 392 241 767 761 634 193 364 975 543 331 701 553 221 693 445 379 890 781 996 394 637 340 692 620 473 542 674 239 959 235 15 261
