10589707 13321389 12610274 13159772 13810675 13542228 12696208 16100528 14823946 13239416 14401759 12786253 13381723 12101050 13694134 14501256 10589039 13033808 11928934 14221972 13384832 12154743 13369622 11001307 13770047 13535091 11557211 13123826 11790530 12789948 12281417 13942769 13639946 10625846 12677038 12956161 13297104 13717886 12815731 10701210 11920098 13613203 14415529 12842209 13225902 11844409 13761078 10775596 12864497 13076000 
8168854 10984975 11388981 11585828 10711952 10767076 11099357 11691909 11994085 10349399 12096299 11344229 10169533 9863354 10334988 10760919 9944387 10707332 10118537 11959160 11652872 9404053 11329885 10757314 10593830 11882106 11308276 11573126 8660298 10538226 10437160 10407263 11985653 9729484 9400157 11599275 11875687 11219376 11056387 10289353 11108894 11112204 12927783 10417491 11259500 10504574 11520328 9607650 8460053 11836245 
11299733 12929817 11702302 13137736 13688353 12844259 12175168 14974144 14230823 13237591 13763033 12842740 13492584 12530835 13943316 12607553 10654277 13454570 12638899 13931453 11558738 11351829 11325940 12461069 12366563 13667646 11827365 12250901 10848475 12558810 11858867 11650839 14575314 10750172 9718851 11983063 13160641 13779300 11799674 11952882 10830739 11779529 14397497 12373148 13299197 12854488 12380780 10073749 12331434 12198332 
9632261 12104597 11385061 13678373 13554994 11932840 11463230 13525041 12432136 13198285 13360650 12845548 12779848 11480156 12481083 12429051 11764890 11988720 11933805 13248350 11474785 11668862 13010054 12223697 13235994 13655960 11479556 12376284 9746443 11175845 12163085 12508839 13237457 10312722 9146447 11587735 11887698 13384278 12003807 10588004 10852518 12094535 14471355 11142236 12119146 12345807 12315693 10732938 11558621 12178363 
10847042 12991571 13640396 14893549 14035458 14078821 14162704 15124274 15430825 13963760 15555306 14679777 14122404 12727960 13316016 13809999 11610889 12304683 14063424 14512771 13972983 13930577 13191207 12522709 14514460 15757371 12107202 14390686 12478379 12906457 14152466 14754755 16226092 11754454 11164136 14600569 14459076 14914091 13334644 12122382 13432276 13504462 16099474 14347362 14213683 13287155 14193558 12238746 12423007 13154692 
10772531 12879471 11024502 13127460 13878774 12646285 12664593 14405854 13541751 13960073 14699899 13327929 14137765 13118493 13922024 13179867 11039882 12922288 11610157 15292936 13252517 11753958 12488336 12762103 13968490 13846581 12733363 14076116 12349417 11852915 12136673 12453463 15224747 10760172 11453061 12707853 13366824 14094028 12658475 11132079 11472580 12134066 15763637 13666577 12770787 13671068 13409051 11930803 12688089 12301233 
12023326 14023986 14530520 15128944 14164628 13870389 13879915 16098458 15054232 13736192 15007535 13714278 13954530 12935393 14513255 14066509 12958395 13784962 14253111 14843924 13967371 11934843 14086008 13323872 14927154 16219802 12767599 14615469 12331656 13125106 14207596 15347539 14371616 12355068 11869980 13843386 14859110 14579973 15042692 11016418 13826386 13519958 17059156 13158329 14081756 13682026 13619993 11933070 13361621 14073818 
11002886 13948317 11621621 12104284 11789298 12476311 12340352 13822526 14929005 12653750 13498511 13043190 13412121 12369997 12374026 13145952 10957441 11710259 12001972 13726487 12015902 11992462 12753137 13352282 13814804 12534838 10939875 12252400 11315355 12567213 11425177 13095706 14047505 11612290 10060417 12605782 13583961 12999518 13840121 10412634 11005201 12379764 14907793 13265591 13093698 12314933 12847092 10130882 10994731 12895741 
10435682 12881690 11995792 12956729 13866538 12485509 12128586 14201650 13085359 12668549 14089332 11990236 12446737 11832356 13346552 12520227 10963029 11868502 12098545 13142145 11739956 9666574 11863331 11164453 12269823 13873620 10899005 12982546 11569458 10734008 12134508 13066738 12621779 11201126 10805867 11848746 13806812 12815090 12852857 10435778 10874433 12282122 14604256 11942445 12632976 12328726 12606701 10426715 12263533 12253778 
9720157 11773295 10582510 10727424 11808466 11436433 11392336 12505012 12435065 12047566 12199551 12390003 12241391 10151651 12072544 9831903 10096852 10381346 11409124 13015088 10819707 9277995 10682686 12064434 12343536 11924735 11603523 12308971 10544388 10500319 10719220 10042292 12813800 11052126 9387477 10658436 12827247 12730874 11240744 9042641 9871010 11798738 13259273 11248111 11373633 11221339 10761957 10096350 10202837 11213097 
11180234 13139832 12881377 13522477 12648876 13033604 12827653 15361077 15490689 13019019 14301358 12678715 13434524 13217118 12978016 12847122 12338795 13205686 12207297 14232128 12298914 10950556 12888246 12386190 13988605 13578243 11953617 12985221 10656600 13384068 12996909 12515847 14426864 11817523 10161454 13449269 14377586 13863778 13057834 11022747 11818711 12668760 14520345 11576675 15409689 12956487 13443167 10731942 12126908 13140715 
9818975 12221074 10546475 12892285 12782945 11687130 11601420 12742855 13247195 12835415 13446009 12850189 13123867 11861660 11333389 10860565 11489436 12010970 11034110 13998816 12743379 11322038 12558697 12589735 14329205 12391448 11779010 12883297 11163338 10870410 12274445 12429087 13367476 10819220 9257436 11760645 12770641 13204616 11627710 10534232 11286303 12215200 14074514 11721819 12912981 12533900 12602560 10730051 11204397 11855584 
9437279 11168512 9630141 11309064 11919898 10390217 11734693 12655890 11930327 11473211 11748069 11115812 12152934 10851455 11839144 11861812 9330118 11334282 10997034 11461629 10447808 9231732 10632791 11665056 11616980 12452184 10185028 10996148 10416225 11046191 9862212 9844140 12135324 10538981 9269662 11285883 12228125 10726629 11454752 10032373 9699351 10570604 12805640 11645842 10792500 11455711 11640879 9243697 10355377 12106830 
9542522 9749287 8867191 11405204 11111692 10662517 10798365 11854625 11440906 10123372 10801954 9986109 10376020 10257227 10240772 10406284 9521183 10086205 9736626 12052769 9595477 9062973 10762399 10442627 11487079 11017738 9726014 10426452 10078136 10740435 10278992 10606748 11981311 9598035 8939892 10109198 11156730 10343031 11276001 8655598 8614015 9934231 12830070 10827724 10955310 11141354 10612145 9261924 9803201 11279662 
7721774 10500652 11125686 10512765 10799389 9986812 10616687 11713166 11819223 11297183 11661572 10983331 10291633 9207569 10350625 10515279 8253449 10532673 10353315 10719600 9587097 8873508 9624964 10020883 11063425 10996676 9795059 10162679 8263712 10312975 10542881 10342991 11975070 9314632 7878715 9491351 11304593 10497536 10249160 8106581 9413267 9932612 12512076 10393849 10097601 9786753 10835559 8019109 9883467 9442222 
11102257 13797990 13253766 14297523 13573133 13830234 12605694 14652639 14111729 13123814 14218789 14337535 13276791 13329873 12577311 12207281 12668178 13479343 12931711 14471980 12386862 10596199 13047130 12708183 14621874 13834509 13596907 14944957 12236852 12771582 12906619 13130810 14640489 12734230 10603848 12843136 14753323 14104322 13512561 11602049 12517158 13896265 16107355 12928379 14817849 13541986 13128001 11855491 12415522 13984010 
10214037 13256448 12361986 13683913 12279789 13494832 11867675 15327656 13501890 12992322 14598269 12710706 13491623 11754761 11905960 13026340 11468307 11622461 12461455 13346663 11057494 11819453 12416895 10893186 12726283 14076967 11174358 13194465 11096400 12362819 11094185 13202713 14536144 10690272 11080272 13010149 13423817 12737236 12117387 11144786 11212505 13293688 14137668 13419036 12978757 11620329 11694658 10664874 12085456 11754186 
11904922 14007126 13576590 14595945 15004392 13002973 15189941 15526356 15784091 14670043 15537923 14184351 13777018 12735776 14940106 14280934 12492817 14033030 13972238 15802156 13579220 11418647 13283541 14176013 15243492 15262821 12862770 14622719 13206529 13603262 14053287 14202297 15416413 13380972 12707757 14174657 16295145 14760118 15242076 11270908 12572145 13697931 17425893 14382134 14104681 14214126 13806402 12369760 13311037 14016967 
9528918 11901540 10887853 12773677 13107605 11020414 11613224 14076988 12694528 12655347 12783162 12588526 12137511 10792066 12830959 11794795 10109218 11358677 11475369 12529077 11670594 10500162 11800837 10842023 12932023 12261475 10842182 13008335 11138239 10959192 11878313 12620827 12723749 11059469 10200793 11318362 13407889 13118387 12857099 8506306 10355589 11927325 13899033 12162487 11973663 11799184 11763340 10433223 11049169 10553038 
9154309 11960370 12050284 13358957 12671335 12545060 12230554 14339537 13608045 12476550 13586091 12970037 12611041 11150226 12448594 12977011 11352172 12763215 11890684 13223581 11785826 11116697 12566603 11759847 12732303 12904823 12135277 12776033 10142016 11873562 12133841 13836093 14151188 10973271 10389024 11825521 12583379 12191430 11860993 10498474 11894893 12974244 14994643 11923837 13156666 11925386 12874133 10371888 11251865 11268818 
11316822 13791065 12640256 14376025 14329051 14464022 13622586 15108634 15330067 14565703 15394021 14520107 14138513 13039583 13190052 14629000 12280174 12853674 13897977 14006559 13189412 12992458 13435857 12515559 14843607 14955492 12055138 14219048 12898364 13338504 13395223 13896589 15083097 13464026 11891131 14725361 14403205 13619519 13403219 12525864 13674451 13876271 16202532 14232133 15144803 13705524 13631371 12243347 11479334 13806061 
11381335 14567255 12173753 14615825 14413638 12090576 13874827 15806644 15746382 14323769 15392931 14517979 13617612 13084602 14392646 13045970 11658502 14293674 13087702 15010940 14085200 11780128 13233816 14145634 13638815 14040879 12709087 14315333 12086556 13854444 13204721 13729937 16099750 11852456 10109094 12649365 14312889 14861587 13594370 11043257 11996371 12641904 15370304 14353920 13659100 14262468 13605941 11156634 12488047 12172533 
9812218 11239324 10624511 13216920 12668301 11041759 11128348 13365658 12949311 12244709 12717147 12228101 10595772 10897619 11269075 11036621 11205589 10541746 11309753 12031206 10919024 9360803 12689730 11027349 12492737 10943080 10726891 13157140 10289812 11483181 11632199 12331776 12029653 10990354 9434394 12710929 12237584 12120365 11621311 9457004 9898883 11540483 13562821 10751088 11885796 12298757 10638333 9733233 10234948 11495408 
10141082 12704890 11976170 14553639 12437570 12897797 12394480 15070210 13440997 12769847 12867283 13352469 12339239 12480742 12935720 12672316 11386954 12597708 13136786 13268819 11761670 10724891 11929495 11120382 12094021 13693293 12414828 13677344 11652463 11781444 11548174 13336626 15155309 9740257 10498261 12024176 13487031 13032535 12413757 11005643 11862953 11580920 14609080 12484450 13015572 12633092 12130628 11392284 12184758 10940760 
9529198 10797229 11184542 12416467 13441956 11442894 10707896 13022615 12515825 13533314 13739168 11971464 10834323 9822552 11707650 12289371 10448496 11199110 11558741 12994174 10969097 10425807 11865962 10482607 12186323 12521253 10933403 12872686 10905609 12355289 11625962 11940223 13024467 10046634 9906476 11792566 12951630 12553404 11076193 10335937 12068583 11710541 14091596 11093558 10515945 11826562 11396287 9952851 10822532 11071331 
9655930 11797059 10364510 12923517 12253666 10562444 11403537 13612869 12096001 11286499 11632459 11648089 11472464 11659469 11554296 11251295 10022090 12540507 10947330 12197783 11542263 9601204 11304491 10129231 11477854 12009934 9871498 11006198 10266182 11197004 11130403 11109743 12354123 9974738 8822996 10788806 10861169 11296884 11650295 9568238 10209857 10469019 12686783 11003788 12230233 11687621 11465646 9507263 10703992 11764738 
9402616 12719021 11141492 13001694 12589510 12362829 11905375 12767554 13303444 13221409 13067958 12954400 13108928 11658633 11819228 11760024 11828844 11042010 11974352 13442230 12640813 10733238 12494166 11542216 12602713 12754344 11191692 11601653 10624476 10232174 11220556 11712612 12385306 10872485 9650086 12128371 12465722 12711200 12795760 11280034 11716366 12624172 13430748 11321211 12571008 11861438 11716849 10485096 10842528 12438496 
9743256 12608583 10867832 13020968 12533400 12158532 11091700 13777354 13049787 13274674 12741666 12836629 12359396 12906815 11589258 11972669 11839846 12550385 10928455 13935431 11924474 10038799 12416161 11767559 11907364 12589712 11008859 12290215 10543194 11262487 11289720 11825780 13724953 10058803 9546065 10536979 13322690 12996499 11810960 10833004 10745687 11656747 14410748 11525080 12534902 11569577 11214732 10967772 11364125 11363323 
11244132 13808574 12799189 13667803 14232677 13193639 11524784 15590815 14701704 14196917 13936882 13510746 13899401 12972899 14050259 12505862 11417113 12604353 13433630 13997088 12007483 12309511 13265023 12996379 14713447 14259513 11812142 14002791 12413207 12786784 12739785 13586255 14337818 11421859 10776046 13021430 14069589 14986127 13757834 10664226 11928349 13612459 15415073 12734680 12551986 13044083 12598940 11324256 12459707 13488441 
9288594 11016521 11342903 11610992 11691373 11862504 10970107 12432806 12736086 11196655 12158743 11212492 11841392 10526706 10864011 10949970 10865380 10158549 10143941 13043134 10703114 10250420 11326613 10691224 12448400 11963771 10633379 11945497 9223582 9357262 11179581 10547353 12575442 9274512 9250118 10618865 12480500 11488683 11548566 9454457 9293773 10681985 13223729 11109824 11565387 10018993 11327210 9770626 11315819 11132889 
11141880 13233190 12480282 13498639 13641408 13530481 13055997 14710238 13484156 13331847 13678155 12592376 13786501 12525853 13349473 12864722 11958513 12132285 12868849 14106470 11343636 10152599 12969859 12070427 13494056 14446933 11480996 14097054 12292017 11874422 13096997 12771954 14341101 12901829 10972233 12861500 13392238 12983026 13583393 10795329 10494017 12877607 16074058 13635570 13807630 13114032 13143927 11219602 12382583 12177075 
11721699 12887348 12223773 13993273 13819908 12720638 12575648 14038772 14757524 13731281 14037568 13585437 13359202 13303400 13792676 15241052 11732855 12660179 13044659 13768581 12691553 12084231 12623030 13307534 14503154 13468568 10966286 14102173 12164215 12891538 13423924 13667445 14332448 12083878 10131268 14235369 13090050 14063084 13495132 11099983 11734265 12142216 15039586 13560646 13113308 12697522 12292955 12339318 12512209 13317254 
11362890 11628739 10872230 14619370 12669929 13451539 11071871 13577821 13470328 12832824 13447875 12491881 12624340 12690475 11632938 12378940 11152141 12146044 11970941 13229448 10717988 12427149 12813182 12852693 13101342 13854766 11137954 12458083 11063772 13254662 12798766 12693781 14521981 10481886 8015307 12017354 12608687 12617215 12064000 11252470 11399851 11092730 14759868 12453718 13882573 12215455 12392472 10853246 11877003 11364665 
12529657 14904456 12644309 15442943 14485575 15156907 14335715 16671772 16155358 14356666 16269611 15057139 14590055 13986057 15406067 15200978 12091083 14791298 14286261 15842553 12971121 12983427 13129117 13345229 15455590 15528624 13253038 14754389 13889631 14380676 13853982 14585856 17291037 12572671 12183433 14212304 14579215 15568299 13789886 12122175 13656598 14661181 16472664 15333159 15537414 14510891 13647500 12921378 13388865 13582879 
10036095 13242517 12982952 12827407 13419474 13491402 12810675 14166794 14800777 14289440 14473855 12454511 13713220 12368363 13022224 13207733 12244394 11976404 12230214 14282635 12200316 11468584 13016627 13339280 14245638 14140902 11809262 13818179 12073322 12025625 13430205 13562203 14998497 12193968 11209216 12936196 15674875 13175308 13399318 11356918 11411820 12796331 15602509 12866331 13208882 12442221 13817631 11349639 12226753 12130069 
8142311 10444826 9479065 11109649 10498958 11013692 10742469 10669039 11611055 10034369 11774776 11545658 10476675 10201617 9928662 10425319 9144565 10855671 9962087 11160139 9645302 8977447 9649768 11066567 11588816 11093475 10557624 10567117 8279547 10046735 9838248 9342825 12372276 10165975 7970692 10153225 11058577 10305795 9762030 9687587 8746605 9557571 12084799 10374478 12089881 10586865 10886095 9239834 9799385 9942388 
9933916 12034857 10633508 12810509 12953962 12477009 11511174 14157897 13127082 11989179 14388316 12129960 13080696 11706900 12590098 12899839 11276831 11921406 11113091 12642037 10882292 10415218 12672780 11183771 12702137 12929122 11516092 13716450 10166322 10467573 10712673 12771287 12981471 11167653 11281500 12490928 12538160 13120116 12075058 10073385 9772586 12133628 14147405 11656468 12140014 11865847 11055646 10794350 10960764 12195720 
8165456 10696429 9843746 10819677 10329058 10560525 10880891 11832052 11519917 10717075 11251778 10223215 11510658 8725374 10702073 10216059 8162988 9497064 10257671 11005866 10047611 10033136 9717559 9359224 9612178 12317285 9002417 9966681 9455994 10189129 9259057 10857215 11660911 8905162 9205229 9776839 11274417 11267633 11326399 9238531 9891081 10054964 11240321 9914748 10558001 10352592 10864388 9147827 9916298 10522945 
12055292 14597091 13391413 15618429 15665778 14003516 14991851 16306994 15041329 15877900 15942297 14972264 15299918 13230917 14359651 15070156 13193352 14549684 15025844 15023706 14083286 12543131 14082298 14149917 14369456 16148709 12967573 15103265 12451289 14475454 13494310 14217235 16149364 13261090 11928641 14319598 14376895 14692068 13984922 13019739 13230512 13174913 16863810 14974699 13986621 14706908 13746080 12132987 13354671 13426260 
9714835 11322613 11604084 11995403 12404876 11619911 11867096 13086555 13959648 12745362 14058635 11575252 13164178 11416530 11930262 12362600 10994643 11410296 10862771 13654570 11981966 10901960 12432280 12639522 13875472 13421621 12010372 13122243 12030270 11755023 12145404 12275726 13210381 11602248 10391348 13002370 13392012 12452344 12014667 10400492 11511330 12585197 14299379 12601025 12246480 11746182 12419665 10704270 10812881 12681830 
12715510 15391064 14250150 17179425 15311533 15132110 14764728 15562792 15070931 14260458 16749390 15643235 13807610 13965841 14937960 14858912 13334754 14331206 14676436 15228793 13966104 13319111 13823738 14352656 15705712 15920284 13225696 15626206 13996046 14033957 14951141 16097912 16074475 14065230 11243645 15279175 15244146 14939434 14372410 12923630 13427719 14017997 16680561 15427271 16076295 14445165 13720153 13395278 13335368 14209353 
8922167 11577520 10852820 12901695 12549288 10953986 10843063 13945605 12983239 12376970 12602955 12017033 12149224 11409960 12159092 11501264 10452684 11371222 11370143 12207622 11025112 10811848 12219114 10712164 13943434 12401831 10982438 12243861 11183301 10756134 11142701 12046220 12707117 10090526 9710817 11126714 12762675 12310129 12120909 9438830 10730505 11439867 13462978 11015971 11830766 12403984 12325664 10038260 11274333 11066788 
10334158 12772300 12175023 13359826 11895028 13363213 12351042 13772240 14719090 12860496 13758301 13472826 12774105 12056243 12143839 11715537 11670252 11707131 12257715 14259916 11425171 10608480 12620443 12339743 13369331 13175459 12050526 12513056 10577767 11256650 12228207 12851253 13781446 10766250 8682665 12030076 14173645 12124558 13290970 10757156 11225747 11741520 13897303 11369723 13839453 11139251 11969258 11094987 12433567 10940144 
11990634 12799700 13402850 14178035 14359643 13684008 12109286 15068433 15078058 14891091 14265166 13238193 13194618 13372798 11695652 13789628 12655751 13086170 12831868 15204601 13193314 12679522 13930708 13093101 14737454 13119925 12400633 14792165 11623538 13687370 13830913 14075048 15751283 11960271 10224025 13526762 15028303 14301510 13289810 11936002 13107100 13075430 16347092 13303733 14144619 12775464 13539476 10990024 12151345 13070110 
11216626 11228546 10405390 12882408 12525626 11773601 11756014 13467635 13670049 12051015 12856177 11873517 12784925 11584951 12074301 11928908 11081672 12079337 11809298 12902582 11866520 10274282 12893807 11982981 12406141 12952512 11731077 13023125 10193411 11894758 11235381 11738966 13363220 11235685 9036072 11653157 12991907 12686394 11571269 10539798 10344238 10768596 14368988 11088393 13014918 13191565 12810977 9925090 11408925 12025046 
9076606 11428372 9715407 11749486 11492837 11270757 11444324 13150808 13571767 11091612 11858427 11666754 11029585 11015856 11817078 10699809 10533900 10844571 10484156 12266407 9856299 9065374 11437501 11967872 11435868 11989307 10996050 11524081 10614013 9726038 10073953 10130576 13559840 9451371 8200467 9988802 13096638 11550852 10584647 10310330 9777851 11061205 12601809 10401117 11702696 11345195 11337093 9731148 9413272 9964455 
11110137 12877116 12893444 12847935 13885703 13119366 13422892 14029988 14222758 13764126 13674601 13294336 12987496 11541991 12609403 13135876 11455188 12214355 12432868 13987498 13113207 12140022 13087704 12679225 13287899 13732066 11259832 13528633 11586296 12204552 12903635 13031249 14706264 12276791 10383478 13759189 14108693 12103587 12317360 12075589 11664775 12194404 17215393 13543850 12730094 13028822 13956283 10253972 11205655 12742295 
9443576 12130284 10449848 12180572 12865504 11943709 11367444 12935115 12773901 12450816 14155757 12307890 12108163 10618971 11237789 12272578 10103699 11532414 10803186 13051689 11570463 11093546 11483154 10940526 13714431 12361693 10324747 11635086 10802860 11475486 11156962 12147671 12187891 10930469 10389684 11612849 11600355 11646681 11639523 9836048 10746519 12107276 13134425 12474267 11732491 11844854 11190549 10476355 11767692 12147691 
7886211 10806402 10438010 9267502 10190751 10486961 10293984 11253862 11823473 10702345 11106415 9794004 10601496 9545339 10204850 10362704 9821244 9287109 9622438 11507476 9261968 8104780 9316569 10110878 11089198 10534532 9124003 9762857 10034968 8607530 10222233 9652418 10719961 9418981 7567939 9962704 11381673 9828026 9925307 9403020 9457207 10550414 10640027 9731764 10095857 9599470 10161361 7714107 9106359 10286634 
10535508 12947418 12123139 13068636 11540526 12503707 12125759 14354856 14055825 13226591 13330481 12430622 12551044 12189346 11706645 11532123 11689168 13190080 12920917 13979428 11155335 11038942 11682070 12374996 13596143 13784023 11968913 12088015 10261728 12637183 12989923 13211140 13634787 11169451 9449036 12171535 13681277 13247290 12200647 10789974 12071390 12309464 13751076 11835168 14649162 11739935 11665315 10883845 11384257 11546588 
