260 20 553 169 533 359 685 599 120 936 460 432 150 306 861 816 525 127 499 359 89 379 865 374 925 391 703 540 443 410 294 550 838 99 534 83 472 545 477 926 220 414 938 869 189 499 374 489 455 788 
835 365 870 454 542 546 48 813 264 47 868 517 190 226 376 109 572 86 624 979 950 269 122 189 735 566 831 817 94 281 778 591 369 77 283 728 52 402 656 151 129 361 842 913 970 318 245 481 798 875 
106 3 526 150 88 898 271 642 346 272 776 873 22 469 297 986 184 762 14 232 236 385 620 908 289 323 620 941 411 390 396 141 96 62 344 110 957 250 555 31 621 766 212 705 649 683 852 785 275 398 
596 945 113 881 864 339 932 693 875 56 315 314 538 475 422 28 922 712 266 378 583 770 615 333 997 498 862 216 668 204 871 698 295 248 207 679 273 89 273 367 470 141 550 709 561 127 971 970 188 583 
246 418 697 231 345 605 889 11 531 105 396 945 72 551 701 375 540 325 364 494 594 582 171 73 742 36 161 680 170 444 768 946 628 619 517 778 68 215 575 525 438 397 919 833 936 672 717 916 774 413 
768 638 121 551 722 618 297 827 18 184 796 947 438 632 116 382 998 104 485 868 765 717 227 577 846 355 286 395 817 395 904 345 661 15 406 971 740 73 321 331 974 940 620 772 582 501 653 640 234 563 
821 522 725 862 748 231 539 958 907 536 768 863 91 653 27 645 609 484 187 103 184 672 645 670 52 179 386 805 837 802 503 330 478 624 664 586 489 861 521 179 927 940 100 914 965 647 208 577 645 806 
398 725 585 541 299 658 694 220 564 965 383 437 90 787 812 88 224 649 483 934 871 547 625 400 109 884 229 369 153 949 155 188 475 130 831 302 996 828 868 757 942 465 629 672 133 878 934 653 510 75 
731 599 684 466 90 162 621 363 461 319 930 359 867 466 919 68 735 558 194 661 634 115 492 571 701 540 428 502 808 224 76 297 170 395 264 649 683 90 165 808 470 871 641 610 869 333 567 400 82 665 
606 940 392 304 452 809 719 928 343 411 556 996 877 857 179 12 590 8 11 378 593 292 220 46 157 465 553 110 918 165 135 224 347 334 97 674 185 124 239 547 238 973 966 840 232 436 873 252 863 194 
19 861 924 311 962 36 187 161 200 376 664 964 7 654 373 230 360 239 555 705 962 854 119 625 353 780 229 100 616 57 473 669 553 131 685 263 653 122 555 462 684 618 180 305 487 722 397 230 798 680 
430 637 610 506 411 72 677 776 673 924 886 436 62 65 806 421 879 733 391 949 71 605 605 930 549 220 955 50 826 915 882 711 123 738 932 969 410 180 798 501 732 983 960 896 648 577 671 129 119 909 
954 817 259 204 825 76 923 777 946 601 376 42 654 786 93 283 521 532 428 238 144 882 38 528 759 719 298 995 823 513 185 137 30 992 872 191 9 585 573 732 258 196 325 970 995 405 716 673 477 352 
828 499 578 713 403 684 479 158 550 85 928 308 526 370 657 106 732 474 237 161 264 276 38 690 853 491 939 838 752 312 282 775 751 162 666 401 928 879 725 279 27 572 106 847 744 56 24 516 213 934 
565 89 688 546 322 485 1 484 516 278 552 320 514 703 446 467 793 393 360 275 648 371 159 474 828 773 250 866 141 445 716 181 302 316 105 419 216 960 84 505 623 990 889 746 275 507 628 532 319 129 
703 879 123 710 204 382 362 29 158 840 407 570 383 310 188 582 760 71 388 140 635 364 135 89 900 203 172 884 522 946 665 772 383 729 28 818 975 223 650 218 258 889 295 573 401 935 416 897 983 178 
13 41 260 871 828 812 92 499 5 690 245 284 410 757 77 764 934 197 549 425 736 645 524 202 388 271 497 957 26 364 856 514 792 250 990 663 498 105 75 649 584 804 11 345 428 970 709 995 339 216 
479 235 583 915 249 446 529 940 699 405 980 243 337 902 447 611 783 573 301 705 292 652 94 448 852 233 100 929 92 350 73 991 803 75 25 419 714 639 799 429 46 143 445 377 976 356 865 894 380 96 
938 617 95 208 57 856 268 277 255 176 147 247 767 634 274 734 381 223 268 237 197 742 801 644 296 645 621 233 556 44 298 435 299 571 306 461 742 637 879 72 391 605 158 98 119 331 148 636 467 874 
697 381 114 117 337 532 144 232 398 946 939 992 765 629 931 285 428 334 402 550 496 648 617 836 215 286 918 451 399 587 369 521 899 167 610 807 183 458 377 877 337 718 47 567 506 665 48 51 930 290 
