67 533 605 851 217 849 624 814 111 987 240 656 279 183 80 938 918 529 134 186 
164 24 972 855 614 824 948 946 477 77 545 249 814 608 118 907 953 414 622 922 
437 492 928 934 856 445 606 683 54 110 4 243 834 64 598 361 522 501 122 770 
426 779 192 152 620 692 814 544 611 142 827 488 521 859 726 222 521 271 916 477 
365 280 556 847 822 652 422 955 470 899 597 749 480 520 193 477 112 179 851 120 
171 120 724 881 203 781 51 871 149 173 436 776 769 355 798 861 730 460 342 98 
102 84 477 914 149 242 675 251 960 78 716 714 474 930 510 49 227 292 805 184 
824 749 34 677 378 411 576 785 582 845 612 725 24 726 548 396 581 328 243 347 
230 998 328 521 725 402 440 2 2 218 11 879 715 796 938 943 786 985 999 502 
674 369 159 77 119 611 0 829 898 533 377 537 77 921 607 752 96 798 807 763 
914 666 734 64 610 465 134 147 62 712 304 645 531 69 613 672 343 475 249 902 
808 41 482 545 535 976 49 520 870 658 447 252 398 605 110 114 943 472 628 468 
355 823 341 893 303 459 93 87 31 938 86 644 113 830 232 856 254 925 604 854 
891 580 430 175 525 682 732 369 35 617 775 1 333 342 747 654 79 55 823 370 
856 559 740 729 299 999 713 976 850 132 108 799 843 467 811 595 447 284 234 371 
444 624 508 30 956 813 566 578 324 617 10 172 773 221 135 894 952 36 558 185 
684 0 38 720 534 946 164 661 285 665 611 853 922 382 535 848 33 749 337 889 
158 407 622 648 662 261 583 701 807 446 850 742 538 753 591 795 120 434 470 235 
478 169 691 366 270 115 779 940 287 152 730 883 101 398 40 813 787 70 674 615 
622 363 843 540 347 802 767 549 109 640 116 732 417 369 318 743 29 101 555 692 
323 842 780 867 485 307 399 118 479 816 725 536 88 941 200 103 586 72 616 551 
928 361 10 210 412 227 680 23 960 95 719 837 463 321 67 455 153 455 653 329 
689 321 877 635 20 901 779 459 63 675 787 712 572 345 587 360 620 139 815 369 
175 373 664 996 907 344 457 205 318 832 982 957 535 705 673 302 83 825 515 71 
353 115 526 89 776 545 873 960 493 324 423 434 593 980 506 689 700 131 924 534 
971 893 607 958 203 703 902 439 476 460 150 108 82 762 818 990 321 747 373 704 
586 47 894 92 943 534 572 799 768 603 84 162 691 488 240 324 388 24 28 748 
74 121 982 838 550 585 452 620 545 182 267 824 2 657 758 235 603 991 461 136 
333 369 16 655 395 194 252 301 166 589 49 495 431 709 58 211 786 65 223 175 
394 785 164 798 395 108 737 737 568 206 251 119 346 806 865 888 849 182 109 85 
637 445 646 545 710 975 737 222 207 251 360 997 511 467 546 202 829 576 70 312 
309 465 99 733 358 364 578 788 880 330 155 358 811 450 922 100 309 700 53 489 
565 743 521 404 185 102 302 139 600 98 303 329 188 143 320 105 586 371 437 250 
133 414 162 578 95 529 671 253 485 134 603 501 809 444 735 672 831 789 59 493 
925 515 524 400 990 406 888 565 725 996 666 217 267 646 395 76 738 552 582 355 
390 408 216 63 168 457 497 788 71 149 975 929 472 935 936 248 574 662 740 687 
492 499 776 796 963 395 853 16 885 535 358 723 975 737 801 380 303 8 977 315 
781 889 457 384 40 336 595 496 947 141 732 611 919 512 58 634 228 546 819 350 
981 362 580 292 957 74 369 594 16 605 735 616 493 653 623 49 441 977 799 610 
154 45 939 77 221 126 580 26 355 216 165 934 471 233 810 163 94 549 793 894 
208 371 922 477 843 733 579 925 675 164 69 506 988 883 296 650 766 595 80 777 
530 162 899 592 356 939 897 516 160 749 382 225 886 306 166 994 430 212 657 859 
661 859 525 889 402 868 954 548 252 972 197 964 344 506 858 20 151 532 281 100 
635 597 148 728 197 141 737 5 769 787 697 342 447 541 393 545 679 104 628 100 
933 466 740 219 63 776 335 386 65 401 605 749 122 669 345 330 803 444 757 561 
667 768 726 37 109 11 377 349 456 88 265 378 6 91 289 663 649 22 388 842 
698 27 789 390 421 270 330 583 514 127 497 68 665 83 503 985 639 919 759 663 
943 318 545 923 920 1 238 135 129 342 771 285 305 472 149 251 22 937 878 44 
6 717 73 524 54 546 532 880 29 942 611 463 510 921 118 164 588 71 793 420 
463 379 358 349 480 863 38 787 102 573 907 376 27 574 746 446 77 546 207 868 
