350 999 265 279 782 11 757 274 376 477 917 692 258 53 437 222 883 489 78 400 446 438 462 610 970 757 709 698 376 815 306 902 334 130 96 551 909 127 497 747 855 158 80 131 173 867 787 435 74 851
53 633 481 328 69 350 542 636 238 737 560 420 762 691 387 217 560 243 434 149 942 384 612 804 536 666 379 276 728 779 57 241 166 456 902 384 491 457 52 812 608 771 551 700 872 221 419 936 758 208
42 357 490 520 562 488 432 937 708 610 529 671 198 68 639 306 558 219 534 551 632 949 807 669 986 199 579 118 886 0 122 205 402 521 381 833 626 247 884 970 509 970 710 125 675 751 948 444 703 616
616 882 434 612 874 473 325 655 20 481 827 800 396 474 505 536 195 375 832 990 276 619 801 232 238 22 260 873 672 840 538 212 413 711 25 679 487 620 468 689 681 878 431 356 321 695 65 655 745 860
211 304 432 416 478 119 432 156 130 596 487 217 583 361 898 57 257 357 809 199 253 520 806 869 496 501 580 414 119 295 782 348 883 760 276 187 626 352 225 893 798 320 467 883 517 909 693 393 684 422
475 76 841 154 99 857 514 397 713 84 238 243 197 656 218 464 189 47 590 424 617 302 481 6 77 413 710 453 671 501 304 938 622 526 594 995 497 533 779 688 157 985 207 143 889 976 113 640 139 283
935 627 640 396 0 696 88 924 332 674 983 767 493 944 920 635 772 101 923 427 575 662 599 138 932 309 384 615 697 864 417 65 372 91 8 9 229 565 647 200 911 619 14 933 717 812 711 643 571 917
407 890 349 914 179 125 994 134 130 257 556 867 391 859 417 990 707 590 573 549 940 810 258 984 336 36 491 150 210 929 514 218 186 298 993 876 369 209 830 709 32 903 964 434 6 975 16 65 805 488
486 966 502 198 687 377 61 769 372 713 739 4 817 877 114 306 395 589 477 916 115 11 497 408 829 248 119 318 245 945 509 876 75 707 953 960 706 157 150 867 967 966 936 325 819 418 533 464 324 902
105 829 212 185 569 73 680 723 353 925 907 668 508 969 329 344 845 778 329 351 352 274 687 68 794 4 407 959 870 729 395 194 228 270 90 392 93 760 64 252 360 317 739 901 965 948 285 251 926 107
0 323 292 925 911 948 338 10 959 258 459 754 235 584 88 237 862 757 698 969 625 396 370 49 889 236 145 705 872 621 372 607 910 691 396 233 578 253 259 350 594 222 64 470 471 215 311 63 841 955
557 382 611 775 132 650 455 810 630 553 419 416 744 921 173 526 922 66 101 728 372 346 829 575 163 817 831 572 17 542 677 312 501 649 228 111 788 673 736 745 626 381 266 600 238 936 634 334 655 208
763 701 942 152 394 304 501 271 660 143 35 107 198 981 609 850 912 299 313 111 926 485 975 758 308 425 8 178 616 172 725 318 423 611 198 30 883 772 509 445 73 932 226 196 990 182 12 513 219 85
744 526 200 171 265 175 838 162 534 502 248 944 960 264 711 155 35 82 375 135 231 768 311 680 789 773 211 855 534 305 102 368 527 346 63 651 869 721 38 908 276 471 157 486 399 771 348 754 828 942
895 901 262 737 834 401 511 947 689 938 849 926 51 465 123 916 340 296 626 269 383 934 625 667 291 367 272 795 998 928 662 66 626 201 252 230 827 374 292 134 144 104 15 928 794 371 416 782 901 943
510 508 771 960 635 740 443 708 405 510 401 750 266 628 883 532 247 651 282 49 88 843 980 803 123 413 736 11 481 368 745 546 691 940 114 92 390 591 633 939 313 916 561 262 699 416 467 645 439 344
150 234 305 790 661 945 579 314 190 777 132 909 155 884 572 826 954 376 424 810 758 45 910 18 660 307 807 398 631 865 764 806 261 914 454 166 382 634 827 666 29 954 219 438 219 587 267 316 540 895
287 727 337 689 18 532 563 799 515 91 799 253 787 901 670 633 701 997 37 789 119 616 844 795 814 525 599 966 75 686 838 331 412 681 236 464 19 87 50 985 960 811 512 133 223 68 536 715 464 682
382 762 279 759 205 865 386 94 613 718 515 228 850 865 166 188 52 594 427 94 587 507 598 963 838 758 766 889 375 101 753 801 538 817 640 697 357 639 989 435 849 422 259 252 318 933 257 671 608 550
812 359 784 123 75 904 949 209 778 880 646 10 938 354 607 621 413 642 63 223 230 13 448 225 442 822 831 494 240 93 997 723 613 477 764 80 512 758 197 30 675 620 737 599 507 499 330 789 364 216
