13823300 11768447 12220350 13351435 10378495 11278473 11431415 12671295 13288328 14101527 11920230 10455991 10875993 11429140 14163754 11309712 11760041 10929649 13173348 12157092 12500047 11201420 14465539 13364932 12827475 13582882 12104378 15229061 11045981 10393929
14186594 12154006 12258293 12454730 11426030 11220791 11482016 14934559 12586029 13031471 11357026 10231018 11762067 12712530 14567185 11936017 12882370 12944698 12870291 10999527 12124751 11050239 15380957 12280960 11499513 12919456 12365527 15179277 10224241 11368057
15090771 12426691 13043278 14721840 11830046 11997507 13126797 14039685 14366354 15038994 12575583 11480775 11472653 13645111 15117846 12233013 13198450 13764761 13610605 12809538 12554841 12443303 16291523 14129805 12769538 13151319 13723757 16046932 12086380 11837596
16683466 12276777 12699945 14709648 11630722 12540393 13150557 14635125 13260453 14349438 12709217 10992915 11610388 13385639 15623177 13328245 13655048 12789397 14462118 11770634 13693881 12045661 15249854 14627919 12215548 13652843 13318317 16314366 12237707 12973026
13700358 11100667 11308175 12887227 10558933 11568676 12394912 13118675 13437903 13375948 10966190 10903058 10799655 11652478 15140275 11409453 12062588 11912782 11392828 11112775 11329264 10839593 13599536 11583734 11373597 12123240 12724394 14058871 10051354 11288149
13236986 11510419 11113617 12224438 9990415 9403592 11169205 12557636 12010583 12947346 11721853 10073428 9668759 10369457 12810627 11323091 11446209 10974452 11864489 9691102 11679612 11541247 12681042 13277826 11025701 12398210 11467938 12969641 10493354 10860828
17232808 13008097 14144598 14641147 11484642 12143335 12687790 15919112 14536072 15090833 12403006 11307820 12469674 14475735 15451808 12823609 14012201 14760189 15323982 12093831 12780957 12329737 16507570 14360477 11638778 13757260 14190442 16638215 11667150 13191235
15188094 12268692 12250880 14633127 14159774 12397667 13867810 15283943 12916529 14187053 13618716 11072260 10676077 13408349 15266624 13387087 13518618 13192832 12738911 13189305 13450309 11212995 14287973 13334215 12185999 13261330 12163047 14419944 12383420 11783787
15557257 11963008 13438391 13937728 11599492 12334784 12407594 14838620 13602492 15503143 13285387 10704126 12622423 11874681 15074375 13190288 13919963 13939467 14529696 12042690 13347069 11732554 15287729 13524090 12378212 14303448 13266939 16364739 11754257 13485385
15325928 12560327 11223791 12990143 11657249 12120270 11880403 14019491 12129689 12724670 10811561 10545940 10574337 13647371 14747290 11510292 12836130 12837108 14643116 9839482 11381510 10973473 14337774 12091644 11149061 11963537 11213841 15360123 10288030 10523760
14597834 12052089 12378004 13328654 10180555 12099002 13370207 14139928 12299224 13567175 11473083 10773269 10325540 12580707 14741774 12220689 13232340 11800957 12876587 10544563 11749669 10367783 15133705 13204867 11418897 11894987 12625165 15394682 11623361 10738398
15685885 12987594 12711703 14127178 11237957 12195721 12801166 14858646 14293275 14563122 13397142 11459556 10760855 12460941 15623336 12031994 13217354 13184576 13469959 12012257 12772640 12172406 14501349 13430311 11436154 12953557 13638690 14929199 11645537 11790124
11784430 11598403 11830453 13535832 10329544 9915252 10870076 12679018 11012815 12146273 10747037 10126709 10550282 10626176 11993872 11036492 11428888 11240515 11561052 8938750 10975416 11223255 12665301 11934638 10305160 12446988 10907150 12756252 8830953 10035566
13874600 11936887 11093194 12134232 10457883 10847108 11088775 13646858 12336180 13394892 11081507 10554188 10548651 10689218 14505451 10120543 12747049 10819008 12422699 10564284 11863765 11116426 14196417 12910975 11932218 13102591 11993313 14345172 9887057 10403670
16574919 12528562 13618519 15759668 12014057 13850892 14113177 15934226 13667233 14515960 12545184 11910145 12060524 14852803 15434156 13897727 14847361 13115977 15526756 12591385 14167437 12938141 16408655 13955406 12696136 13287344 13656381 16375170 11646835 12128202
15230160 12432751 12567297 14623001 11926395 12162466 14131289 14501080 14172196 14332440 11994487 11620174 11999790 12554466 15434661 13487013 13340729 13372648 12590407 12266014 12963749 12630838 14473961 14306921 12215600 13185831 13461388 15897782 11465735 11524398
16558445 12986021 13053332 13985834 11421672 12969948 14080739 15379565 13586404 14703307 13532378 11733361 11196319 13198184 16122533 13581158 13321690 13784370 13863847 11623090 14006872 12265511 14851712 14594316 12592524 13636843 13328265 16539082 12361413 11672037
16116053 12179394 13216725 13457504 11548617 12703917 12184564 14723782 13522773 14625644 12038857 10783978 11705218 12202306 15395997 12881774 13392759 13499167 14000878 12418392 12307877 11546166 15805061 14154464 12394408 13810438 14219258 15798740 11437334 12133364
16389110 13830441 13360626 14707726 12263299 12705768 13368313 15969948 14934482 15123976 13521569 12117643 12761743 12777714 15774928 14089294 14469618 12913417 13083599 12243067 13539303 12434270 16365375 14191684 12450282 14535376 13958141 15569942 12550853 12114184
14087868 11599935 11561235 12515766 10712771 11423393 13630079 15926093 13341575 14445969 11921632 11602046 11901554 10678232 14307423 12049303 12420274 11602736 12456772 10752692 12399020 12078500 14323679 12846744 11045333 12878771 13324236 14539604 10595186 11261043
