671 473 914 710 652 287 473 824 348 493 672 365 685 138 325 550 278 203 596 284 523 853 63 550 252 989 305 512 210 385
308 277 834 985 951 426 150 644 351 905 705 454 729 52 316 800 802 233 956 186 267 76 636 380 52 698 249 841 844 91
207 179 456 573 468 144 675 472 498 921 709 579 905 602 83 266 754 764 384 337 607 640 163 975 248 875 344 745 170 432
934 629 536 837 573 647 839 281 814 626 507 513 204 960 893 937 728 464 34 939 210 59 605 221 106 471 920 347 910 250
276 637 79 862 179 769 826 33 328 637 631 715 452 601 468 604 533 15 47 573 667 429 12 926 625 884 96 956 847 108
505 1 504 531 175 35 861 939 576 759 488 162 401 370 262 318 494 750 126 489 142 114 956 645 57 60 753 913 893 486
645 706 93 923 993 715 981 965 583 901 617 742 89 286 819 399 40 53 15 499 483 880 843 866 725 856 672 975 88 175
950 336 576 805 226 780 23 94 410 146 768 176 287 607 258 192 133 892 535 597 77 698 141 437 94 559 651 551 322 610
306 346 71 347 368 174 550 994 394 942 427 814 4 335 100 84 728 622 874 394 57 614 906 873 420 552 362 16 729 23
861 200 167 616 262 585 749 996 320 542 478 687 980 510 538 777 333 888 682 57 941 191 676 136 151 382 540 923 46 30
268 190 608 265 337 219 969 716 520 286 45 182 425 718 406 158 321 476 959 979 589 110 902 815 661 87 303 556 30 859
753 505 130 267 714 460 827 947 734 310 405 505 776 639 412 294 908 316 778 794 992 132 485 916 539 212 79 733 336 180
974 953 153 1 336 849 85 965 674 264 876 601 986 43 846 130 910 702 495 619 589 706 735 201 234 669 733 24 97 912
923 961 702 540 727 376 86 718 344 515 148 215 395 556 860 861 787 989 329 12 457 39 44 780 70 543 1 729 33 488
220 266 120 441 222 59 460 427 536 976 156 634 598 162 910 183 295 503 245 503 132 52 282 985 805 870 495 838 278 501
711 190 202 761 271 843 597 391 88 540 812 468 99 61 74 790 393 388 961 693 883 775 547 22 358 20 989 31 80 555
115 951 786 921 730 273 799 176 873 164 745 501 200 879 614 380 160 523 928 531 112 353 634 793 685 671 526 860 882 0
979 86 317 173 997 904 904 780 232 86 2 151 983 561 767 641 408 400 316 164 151 901 414 66 432 62 399 346 121 359
594 16 400 870 730 439 950 696 627 230 889 716 427 984 423 597 219 905 401 338 256 441 859 245 131 790 985 255 696 796
857 38 362 340 12 959 426 762 121 852 895 251 211 316 909 364 590 753 931 151 842 201 792 703 385 139 972 826 598 665
666 755 843 590 590 192 122 708 35 11 340 534 765 920 835 581 148 712 21 178 614 210 797 457 301 815 412 130 323 172
917 591 941 963 785 304 557 6 711 10 20 542 367 768 851 749 347 619 198 659 234 556 908 811 696 230 683 813 874 112
920 100 792 96 334 840 138 159 953 5 258 65 928 668 369 153 668 772 785 389 525 757 809 93 265 81 458 43 39 934
63 264 267 749 729 763 403 698 237 451 673 128 459 640 106 430 736 920 26 926 992 332 721 337 732 586 299 417 58 384
409 648 800 481 52 863 5 635 401 770 568 312 552 567 74 71 709 840 882 622 24 446 916 36 426 898 526 943 531 339
241 842 842 187 14 136 584 695 821 893 713 585 512 110 526 346 810 147 54 340 101 208 935 739 684 942 959 267 672 738
522 450 421 9 636 492 447 707 682 610 527 549 378 382 884 968 384 702 552 983 816 883 56 810 477 588 626 941 916 80
883 668 754 670 211 529 231 210 165 811 307 974 347 855 529 289 490 64 716 76 885 211 352 967 680 947 468 715 298 8
936 643 710 365 188 598 56 640 148 436 233 205 37 855 529 956 512 385 840 9 404 836 981 314 778 414 210 783 202 607
814 680 393 380 284 371 51 911 123 468 487 18 216 751 614 529 662 884 964 701 892 516 735 347 964 844 7 801 817 915
685 318 413 945 191 722 613 798 908 747 814 834 344 630 622 908 631 433 879 570 393 397 754 208 744 826 721 288 730 802
756 780 499 545 192 543 778 153 713 251 988 503 449 153 820 708 207 353 588 86 888 588 453 975 688 806 659 819 256 258
322 828 751 752 144 960 794 631 419 483 323 591 604 72 797 740 857 118 456 418 965 268 225 309 234 193 708 476 428 669
557 875 696 784 778 360 898 532 340 145 182 644 270 0 863 899 104 297 12 138 243 809 405 830 954 553 166 821 247 185
449 8 893 272 817 805 745 753 679 734 834 530 848 266 470 708 655 293 399 940 955 178 335 167 757 415 264 748 812 501
624 577 135 467 983 50 330 276 804 486 857 403 363 359 478 622 962 36 953 717 407 624 832 858 944 900 217 324 755 784
96 364 761 979 286 386 548 654 596 752 382 328 535 346 727 169 450 85 439 798 712 811 291 154 546 337 457 567 93 999
780 644 232 271 607 232 431 602 414 235 475 540 142 363 935 66 510 599 913 137 997 703 787 379 617 502 345 999 941 146
328 824 324 897 105 380 619 655 886 919 966 776 401 582 198 494 560 9 284 563 748 959 427 897 309 465 456 167 448 521
494 64 418 365 158 435 122 92 486 921 784 609 41 179 896 204 210 726 952 640 338 461 403 460 711 779 898 800 385 145
892 623 355 706 135 14 46 441 994 793 255 85 582 146 387 916 162 26 168 596 212 311 988 409 98 483 959 931 518 925
566 692 685 212 578 47 520 801 65 771 285 127 331 177 51 431 411 347 73 87 426 383 245 740 121 541 182 515 308 857
48 225 347 461 580 109 878 525 465 678 48 577 201 872 752 445 435 914 12 579 514 28 324 402 173 299 513 272 889 396
956 130 445 13 673 881 995 956 736 722 354 780 103 975 871 448 975 413 499 408 28 970 346 431 81 21 557 439 196 509
60 960 530 922 298 254 359 254 782 845 123 566 948 431 532 547 859 757 903 279 382 444 955 472 701 450 880 832 26 547
958 636 242 758 687 480 250 4 797 612 601 75 67 590 765 227 247 669 282 485 58 404 184 97 558 274 249 71 851 612
810 210 655 287 600 277 384 371 684 736 19 538 231 533 971 86 184 494 498 289 609 403 903 13 727 5 322 681 69 32
510 453 111 349 153 520 300 779 677 84 50 202 779 890 735 741 399 13 714 325 656 835 905 827 532 641 770 582 625 163
403 975 99 574 483 554 793 993 415 391 707 81 202 821 999 282 873 235 895 19 221 170 869 389 314 195 474 958 382 612
644 20 897 120 211 396 420 190 653 876 119 183 522 177 851 471 719 780 175 679 806 315 577 985 648 474 772 590 498 642
